(10000,3,5024,5025,5031,5042,5053)
(10001,3,5030,5041,5052)
(10002,7,5016,5027,5038,5049)
(10003,7,5052,5041,5030,5019,5013,5012,5011)
(10004,11,5030,5019,5008,5002,5001)
(10005,11,5028,5017,5006)
(10006,3,5029,5018,5007,5001)
(10007,11,5031,5020,5009,5003,5002,5001)
(10008,3,5049,5038,5027,5016,5005)
(10009,3,5043,5032,5021,5015,5014,5013,5012)
(10010,11,5051,5040,5029,5018,5007,5001)
(10011,11,5029,5040,5051)
(10012,3,5029,5018,5007,5001)
(10013,11,5053,5042,5031,5020,5015)
(10014,11,5025,5026,5032,5043,5054)
(10015,11,5000,5001,5002,5008,5019,5030,5041)
(10016,11,5030,5019,5008,5002,5001,5000)
(10017,3,5012,5017,5028,5039,5050)
(10018,7,5027,5038,5049)
(10019,11,5024,5025,5031,5042,5053)
(10020,3,5040,5029,5018,5007,5002,5003)
(10021,7,5015,5020,5031,5042,5053)
(10022,12,5003,5004,5010,5021,5032,5043)
(10023,3,5029,5018,5007,5001)
(10024,3,5038,5027,5016,5005,5000,5001,5002,5003)
(10025,7,5053,5042,5031,5025)
(10026,11,5039,5028,5017,5011)
(10027,11,5032,5043,5054)
(10028,3,5003,5009,5020,5031,5042,5053)
(10029,7,5032,5043,5054)
(10030,7,5039,5028,5017,5006)
(10031,3,5050,5039,5028,5017,5006,5001,5002,5003)
(10032,11,5012,5013,5019,5030,5041,5052)
(10033,7,5051,5040,5029,5018,5007,5002,5003,5004)
(10034,7,5001,5002,5003,5009,5020,5031)
(10035,3,5005,5016,5027)
(10036,3,5011,5017,5028,5039,5050)
(10037,7,5027,5016,5005)
(10038,7,5053,5042,5031,5020,5009,5004)
(10039,11,5015,5021,5032,5043,5054)
(10040,11,5049,5038,5027,5016,5005,5000,5001,5002,5003,5004)
(10041,7,5030,5041,5052)
(10042,7,5049,5038,5027,5016,5011,5012)
(10043,11,5040,5029,5018)
(10044,7,5031,5020,5009,5003,5002,5001)
(10045,7,5001,5002,5003,5009,5020,5031,5042)
(10046,13,5030,5019,5008,5002,5001,5000)
(10047,7,5030,5041,5052)
(10048,7,5005,5016,5027,5038,5049)
(10049,12,5003,5009,5020,5031)
(10050,3,5024,5030,5041,5052)
(10051,11,5013,5014,5015,5021,5032,5043)
(10052,3,5028,5039,5050)
(10053,11,5013,5014,5015,5021,5032,5043)
(10054,3,5012,5013,5014,5020,5031,5042,5053)
(10055,11,5001,5002,5008,5019,5030)
(10056,11,5025,5031,5042,5053)
(10057,3,5049,5038,5027,5016,5011,5012,5013)
(10058,11,5032,5021,5010,5004,5003)
(10059,13,5003,5009,5020,5031,5042)
(10060,7,5023,5024,5025,5026,5032,5043,5054)
(10061,7,5015,5014,5019,5030,5041,5052)
(10062,3,5008,5019,5030)
(10063,11,5022,5023,5029,5040,5051)
(10064,11,5031,5020,5009,5003,5002,5001,5000)
(10065,7,5001,5000,5005,5016,5027,5038,5049)
(10066,7,5053,5042,5031,5020,5014,5013,5012,5011)
(10067,3,5032,5043,5054)
(10068,11,5004,5003,5002,5007,5018,5029,5040,5051)
(10069,3,5012,5017,5028,5039,5050)
(10070,12,5025,5026,5032,5043,5054)
(10071,11,5053,5042,5031,5025)
(10072,3,5052,5041,5030,5019,5008,5002,5001)
(10073,7,5031,5020,5009,5003,5002,5001)
(10074,7,5051,5040,5029,5023)
(10075,11,5026,5032,5043,5054)
(10076,7,5051,5040,5029,5018,5007,5001)
(10077,3,5007,5018,5029,5040)
(10078,11,5001,5006,5017,5028,5039,5050)
(10079,11,5024,5030,5041,5052)
(10080,7,5032,5021,5010,5004,5003,5002,5001)
(10081,7,5013,5019,5030,5041)
(10082,3,5040,5029,5018,5007,5001,5000)
(10083,7,5054,5043,5032,5021,5010)
(10084,3,5014,5015,5021,5032,5043)
(10085,3,5052,5041,5030,5019,5014,5015)
(10086,7,5038,5027,5016,5005,5000,5001)
(10087,3,5029,5018,5007,5001,5000)
(10088,7,5032,5043,5054)
(10089,13,5030,5019,5008,5002)
(10090,7,5003,5009,5020,5031)
(10091,3,5053,5042,5031,5020,5009)
(10092,11,5040,5029,5018,5012,5011)
(10093,7,5027,5016,5005)
(10094,14,5030,5019,5008)
(10095,7,5032,5021,5010)
(10096,7,5052,5041,5030,5024,5023)
(10097,11,5023,5024,5025,5031,5042,5053)
(10098,3,5021,5032,5043)
(10099,3,5054,5043,5032,5021)
(10100,3,5028,5039,5050)
(10101,3,5011,5016,5027,5038,5049)
(10102,11,5028,5017,5006)
(10103,7,5000,5001,5002,5003,5004,5010,5021,5032,5043,5054)
(10104,7,5018,5029,5040,5051)
(10105,3,5025,5026,5032,5043,5054)
(10106,11,5039,5028,5017,5011)
(10107,7,5003,5002,5007,5018,5029,5040,5051)
(10108,3,5038,5027,5016)
(10109,11,5028,5039,5050)
(10110,3,5015,5021,5032,5043)
(10111,3,5050,5039,5028,5017,5012,5013)
(10112,7,5026,5032,5043,5054)
(10113,11,5038,5027,5016,5005,5000,5001,5002,5003)
(10114,3,5011,5012,5013,5014,5015,5021,5032,5043)
(10115,11,5006,5017,5028,5039)
(10116,3,5041,5030,5019,5008,5002,5001)
(10117,3,5023,5029,5040,5051)
(10118,7,5011,5017,5028,5039)
(10119,3,5039,5028,5017,5006,5000)
(10120,12,5028,5017,5006)
(10121,11,5051,5040,5029,5018,5012,5011)
(10122,3,5011,5016,5027,5038,5049)
(10123,12,5053,5042,5031,5020)
(10124,3,5041,5030,5019,5008,5003)
(10125,7,5014,5020,5031,5042,5053)
(10126,12,5009,5020,5031,5042,5053)
(10127,3,5028,5017,5006)
